3,2
3,1
3,3
10,25
10,223
10,201
10,99
10,269
10,295
10,97
10,123
10,2
10,3
11,22
11,25
11,23
9,7
9,1
9,5
9,2
9,3
8,8
8,5
8,7
8,13
8,14
8,2
8,3
151,5
151,4
151,3
151,2
151,1
151,0
150,4
150,3
150,2
150,1
150,0
123,4
123,3
123,1
114,5
114,3
114,1
112,4
112,3
112,2
112,1
112,0
110,4
110,3
110,2
110,1
110,0
108,4
108,3
108,2
108,1
108,0
107,5
107,4
107,3
107,2
107,1
107,0
106,4
106,3
106,2
106,1
106,0
105,6
105,5
105,4
105,3
105,2
105,1
105,0
20,3
20,2
20,1
19,3
19,2
19,1
18,3
18,1
14,1
14,3
12,3
13,1
12,2
13,3
12,1
11,26
11,24
11,21
11,18
11,16
11,11
11,10
11,9
11,8
11,7
11,5
11,3
11,2
11,1
10,292
10,284
10,238
10,218
10,216
